1
0
1
gate count: OrderedDict({'unitary': 128, 'cx': 120, 'multiplexer': 15, 'measure': 7, 'barrier': 3, 'diagonal': 1, 'p': 1, 'ry': 1})
[0.424 0.078 0.    0.    0.    0.    0.    0.    0.    0.    0.    0.
 0.    0.    0.    0.    0.    0.    0.    0.    0.    0.    0.    0.
 0.    0.    0.    0.    0.    0.    0.    0.    0.    0.    0.    0.
 0.    0.    0.    0.    0.    0.    0.    0.    0.    0.    0.    0.
 0.    0.    0.    0.    0.    0.    0.    0.    0.    0.    0.    0.
 0.    0.    0.    0.    0.074 0.424 0.    0.    0.    0.    0.    0.
 0.    0.    0.    0.    0.    0.    0.    0.    0.    0.    0.    0.
 0.    0.    0.    0.    0.    0.    0.    0.    0.    0.    0.    0.
 0.    0.    0.    0.    0.    0.    0.    0.    0.    0.    0.    0.
 0.    0.    0.    0.    0.    0.    0.    0.    0.    0.    0.    0.
 0.    0.    0.    0.    0.    0.    0.    0.   ]
ct14k441k1wg008rk5eg
[0.00376202 0.01024223 0.00790902 0.         0.01045595 0.00812258
 0.00367638 0.00170895 0.0035487  0.00386352 0.00403646 0.00831087
 0.0103499  0.         0.00137149 0.00601187 0.00615116 0.00563241
 0.01262336 0.00995354 0.00123006 0.00594888 0.00356546 0.01019331
 0.00377749 0.00793466 0.00142477 0.00360169 0.00804365 0.00789261
 0.00612262 0.00373408 0.00108928 0.01704703 0.01928752 0.01012469
 0.01487315 0.00796311 0.01457132 0.00590633 0.01708287 0.0058223
 0.00333884 0.00594717 0.00996954 0.00588698 0.01270293 0.00815537
 0.00577729 0.00345146 0.00551912 0.01672197 0.01915978 0.00801838
 0.01010491 0.01227168 0.00331385 0.01446485 0.01034389 0.01023306
 0.0101324  0.01459376 0.01006774 0.00554483 0.005961   0.00330717
 0.01713836 0.00383284 0.00361378 0.00396639 0.00357415 0.00399106
 0.00807985 0.0037845  0.00320153 0.00367336 0.01223173 0.00368352
 0.01703533 0.00797456 0.00123237 0.02801738 0.00135212 0.00762769
 0.00830858 0.00081222 0.00388181 0.00809476 0.00773114 0.01175429
 0.01036762 0.01020455 0.00991641 0.01232573 0.00107903 0.00548482
 0.01029051 0.02151031 0.00355509 0.00369591 0.0102653  0.00335672
 0.00153727 0.00173633 0.         0.00789928 0.01262519 0.00574566
 0.01225039 0.01034816 0.00764668 0.01468186 0.00806314 0.00306074
 0.00155292 0.01033584 0.0099548  0.00832146 0.00605634 0.00346223
 0.01439821 0.01893167 0.009929   0.00305612 0.01205135 0.00290201
 0.00999367 0.01685905]
[0.00778145 0.00589149 0.00372744 0.01257322 0.01025457 0.
 0.01475796 0.00785455 0.00830364 0.00568664 0.00600358 0.0035762
 0.01035077 0.00154505 0.00333742 0.00790556 0.01898622 0.00592993
 0.00558061 0.00372677 0.00812036 0.00790185 0.01243736 0.01239718
 0.00789768 0.00838807 0.01020522 0.00599252 0.00335059 0.01254224
 0.01250623 0.00761582 0.00159971 0.00093604 0.00114622 0.00799977
 0.0054535  0.00787835 0.00571839 0.00363169 0.00355911 0.02587416
 0.00593211 0.01184259 0.01916892 0.0098336  0.0034687  0.00569762
 0.01230276 0.0100543  0.01485642 0.00102194 0.00138021 0.00801286
 0.00116392 0.00347106 0.00343175 0.00747831 0.01003641 0.01464505
 0.0082435  0.01422542 0.01025359 0.0121021  0.01272288 0.00816481
 0.00142785 0.01045246 0.00355734 0.00603144 0.0058698  0.
 0.00127973 0.01071819 0.00390568 0.00129368 0.00600013 0.0013599
 0.00374388 0.01474097 0.02382771 0.00369828 0.00569891 0.00383323
 0.00801554 0.00811214 0.00576182 0.01234122 0.00783006 0.00143917
 0.01278328 0.00385478 0.01292853 0.01258069 0.00796891 0.01230822
 0.00124841 0.00118159 0.01287177 0.0056518  0.01038113 0.01265085
 0.01229004 0.00368522 0.006176   0.00983421 0.00575145 0.01016745
 0.007763   0.00771685 0.         0.00337528 0.01458335 0.01931681
 0.00327156 0.00805348 0.00605864 0.00310345 0.00823522 0.00570235
 0.0081034  0.01224185 0.00577383 0.00998893 0.00347687 0.01916207
 0.0079606  0.01442303]
[0.00580552 0.00355497 0.00826567 0.0102043  0.00599827 0.01272646
 0.00342639 0.01056704 0.01489913 0.01043598 0.00103121 0.01477601
 0.00579711 0.00590935 0.01501038 0.0012146  0.00134246 0.00814713
 0.00601354 0.00549763 0.01026894 0.010454   0.00801107 0.00145175
 0.01260342 0.01029175 0.00339059 0.019293   0.00795601 0.00585332
 0.0124429  0.00370202 0.01024372 0.01026235 0.01220952 0.01012436
 0.00126077 0.01460845 0.00601562 0.00333695 0.00784028 0.00579134
 0.00790486 0.00788581 0.0102832  0.01234453 0.00551232 0.01032317
 0.00553077 0.01258962 0.01250661 0.00792274 0.         0.00993147
 0.0034684  0.00580126 0.01465851 0.00116823 0.00122721 0.00350077
 0.01204326 0.01232868 0.01219624 0.012363   0.00829237 0.01268708
 0.00131751 0.00585061 0.00381044 0.00374179 0.00392451 0.00575876
 0.00353948 0.0081372  0.01494668 0.00572791 0.00834258 0.00604555
 0.00345692 0.01273344 0.00590805 0.01240109 0.         0.01873162
 0.00382437 0.00576957 0.0080574  0.01470123 0.00583505 0.00797748
 0.01022697 0.00757122 0.00376522 0.01047503 0.0035606  0.00785516
 0.00371664 0.01024137 0.0035447  0.00576138 0.00590522 0.00812242
 0.00578959 0.01022443 0.00146755 0.00592876 0.01243202 0.00579332
 0.01032458 0.00352622 0.00787064 0.01005886 0.00782037 0.01435926
 0.00578039 0.01421577 0.00374136 0.00789246 0.00582084 0.00550003
 0.01238044 0.01002694 0.00120699 0.01004322 0.00569257 0.01235549
 0.00795351 0.01000381]
[ 9.73691168e-03  3.39063492e-03  2.44314164e-03  6.48355195e-03
  4.77676926e-04  2.16124144e-03  3.99263087e-03  1.07991202e-02
  6.63443334e-03  6.16305265e-03  5.70133963e-03  3.12797168e-03
  1.59704426e-02  7.91875702e-04  0.00000000e+00  2.00785522e-02
  7.86487292e-03  2.87798940e-04  6.54617220e-03  1.26693312e-03
  7.10649600e-03  7.77092002e-03  9.30602061e-03  5.46608156e-03
  1.62408987e-02  1.00158396e-02  2.57019777e-02  7.07423407e-03
  6.90459649e-03  1.16289554e-02  1.74386626e-04  7.87723899e-03
  6.56995149e-04  3.68021787e-04  2.43397641e-02  8.34274444e-03
  1.84647454e-02  1.63289627e-02 -1.10345261e-03 -2.44854118e-04
  1.44279821e-02  8.04810957e-03  5.58817593e-03  2.91990718e-04
  4.36486088e-03  1.24338356e-02  9.30120565e-03  1.08764517e-02
  3.63476174e-03  6.42810786e-03  9.36783733e-03  1.68793281e-02
  1.57756340e-02  1.44010417e-02  1.09118956e-02  1.01561240e-02
  9.99003711e-03  1.56174253e-02  8.26416850e-03  4.46897400e-03
  8.13889671e-03  3.16133298e-03  3.19961402e-03  1.40258655e-02
 -1.08386790e-03  0.00000000e+00  1.85789691e-02  5.33557402e-03
  3.28572068e-03  7.20593147e-03  8.78997943e-03  1.61929447e-02
  1.82457476e-02  2.62804112e-03  1.39709515e-02  6.50027210e-03
  3.52796862e-03  3.65837462e-03  8.74001006e-03  1.98808001e-03
  1.08591726e-02  1.13128436e-02  3.60789099e-03  3.49427497e-03
  1.07119313e-02  6.43563732e-03  3.14514196e-03  1.15323689e-02
  6.85856957e-03  8.22961953e-04  4.67463495e-03  1.72329232e-02
  1.61774536e-02  1.18197888e-02  7.36458550e-04  7.59931714e-03
  5.98895596e-03  6.16781693e-05  4.90317021e-03  1.47850400e-02
  1.74638639e-02  1.46787458e-03  9.03456557e-03  8.93628774e-03
 -7.57340899e-04  8.07980179e-03  9.80280849e-03  9.12637957e-03
  5.94351035e-03  1.77916101e-03  5.90733478e-03  8.42631388e-03
  2.25227731e-02  7.22905583e-03  2.44541596e-03  8.07316630e-03
 -1.95813659e-03  4.68188649e-03  9.41068575e-03  5.40802497e-03
  9.57174852e-03  6.03779954e-03  1.45753152e-02  1.40326399e-02
  5.06777644e-03  7.61775870e-03  6.22916347e-03  7.42687090e-03]
[0.00584422 0.00614373 0.01489876 0.00563377 0.00607812 0.00372697
 0.00346323 0.01276158 0.00995298 0.00581945 0.00788165 0.01906636
 0.01456976 0.01018504 0.00357983 0.00998102 0.00824965 0.00598752
 0.00801988 0.0147711  0.00381285 0.00604338 0.0014955  0.01031108
 0.01042391 0.0056671  0.01247545 0.00330335 0.00553947 0.01925959
 0.01011527 0.01459481 0.01231448 0.00800496 0.01000063 0.
 0.00796421 0.00808249 0.00352872 0.00801851 0.0187979  0.00332862
 0.00780522 0.01000868 0.00742425 0.01471329 0.00798788 0.00991334
 0.0101139  0.01020689 0.00543914 0.01893893 0.01018457 0.00798653
 0.01043312 0.00542208 0.00334745 0.00803666 0.00581518 0.00774004
 0.00807868 0.01210367 0.0055328  0.01455849 0.         0.01017592
 0.00555701 0.00375455 0.00586081 0.01255866 0.01264742 0.00806132
 0.         0.00792946 0.00182507 0.         0.         0.01228146
 0.00162577 0.00576378 0.00605037 0.00600744 0.00825217 0.00597038
 0.00386381 0.00599013 0.00160496 0.00150783 0.00145132 0.00809625
 0.00580513 0.00573566 0.00598857 0.01220606 0.01013148 0.01466244
 0.00565796 0.01239627 0.02113929 0.00339617 0.00358693 0.00999468
 0.00751715 0.01022437 0.         0.00570331 0.00127053 0.01003709
 0.00583598 0.00993106 0.01015032 0.01442784 0.00360555 0.00568368
 0.00570587 0.01010429 0.00591079 0.01027549 0.00362494 0.00586414
 0.01040517 0.00778262 0.00335483 0.0124766  0.00334816 0.01226913
 0.01245438 0.00301245]
[0.01053561 0.01053414 0.01014889 0.01017228 0.00143708 0.00354521
 0.01474683 0.007877   0.00375798 0.00356387 0.00573549 0.01693086
 0.00834784 0.00564338 0.00556748 0.01703305 0.00333809 0.01030284
 0.01025037 0.0034549  0.01262698 0.0014422  0.01003533 0.00842149
 0.00567852 0.00341009 0.         0.00797467 0.00570697 0.01269682
 0.         0.00139283 0.00347072 0.00564208 0.00568811 0.00773187
 0.00346285 0.01716232 0.00119757 0.01246792 0.00803377 0.00755085
 0.00553589 0.0099042  0.00996583 0.01693774 0.01464481 0.0073808
 0.012336   0.01463969 0.01030653 0.01008398 0.01009084 0.00790372
 0.00122348 0.0078831  0.0101292  0.00951822 0.01003568 0.01437871
 0.00546208 0.0189518  0.00343587 0.01181615 0.00608475 0.00576047
 0.00123136 0.01048131 0.00148114 0.01080228 0.00819427 0.00816837
 0.         0.01031187 0.00609978 0.00343329 0.00371138 0.01280408
 0.00603148 0.00354163 0.00565791 0.01742894 0.00587721 0.00824111
 0.01275298 0.0013149  0.00809606 0.00375532 0.01699451 0.01011315
 0.01000217 0.01280188 0.00783577 0.01035165 0.00809607 0.00132499
 0.01042946 0.00147111 0.01264037 0.01031229 0.01050643 0.00360705
 0.00577819 0.00568818 0.00355816 0.01494008 0.00351103 0.01016046
 0.00598455 0.00089565 0.00792617 0.01024804 0.00357901 0.00574171
 0.00127659 0.00805263 0.00585469 0.00159264 0.00611047 0.00813721
 0.00546852 0.01696996 0.00799731 0.0072411  0.00593905 0.00526186
 0.00556935 0.02148715]
[0.00378056 0.00355609 0.00582791 0.01475893 0.00596901 0.01284832
 0.00599292 0.00784172 0.00375371 0.00578652 0.00373531 0.01441162
 0.00836346 0.00800558 0.0034627  0.02367259 0.00148246 0.00390561
 0.00608929 0.00800635 0.01068454 0.00382816 0.0059579  0.00381998
 0.01033917 0.01492205 0.         0.01229751 0.00140195 0.00592075
 0.00823147 0.00559525 0.00806009 0.01462621 0.01220256 0.0184948
 0.00159246 0.00554629 0.         0.01219401 0.00782494 0.01457968
 0.00591922 0.00343943 0.00796922 0.01461968 0.00372828 0.0032574
 0.01024242 0.01235099 0.00337875 0.01451608 0.00569955 0.01018853
 0.00819251 0.00778638 0.01896195 0.00753257 0.00786269 0.00974593
 0.00554888 0.01242072 0.00568054 0.01682488 0.01902151 0.01006295
 0.00798705 0.00992833 0.00776147 0.01242271 0.00577808 0.00807021
 0.         0.01249734 0.00800747 0.00559133 0.00370277 0.00809028
 0.01022045 0.00777533 0.00590753 0.00587291 0.00334277 0.02363172
 0.00806463 0.00597143 0.00822184 0.00552139 0.00371531 0.00589026
 0.00575674 0.01212069 0.00619402 0.00165484 0.00809951 0.
 0.00569798 0.01218447 0.00135493 0.         0.00144773 0.01016575
 0.00830715 0.00138988 0.00590275 0.00352937 0.00988226 0.00784346
 0.00595178 0.00136257 0.01435376 0.01243333 0.00572957 0.00770231
 0.00593977 0.00970554 0.00798735 0.01460537 0.0035571  0.00794946
 0.00564888 0.00807194 0.01220512 0.01863725 0.00376791 0.00361677
 0.00115499 0.00979358]
[0.00573091 0.00811973 0.01009699 0.00768717 0.         0.00151379
 0.00589006 0.01020169 0.01266144 0.00802776 0.01636575 0.01711708
 0.00575053 0.00158899 0.00545765 0.0012394  0.00777614 0.01265876
 0.00749036 0.         0.01906328 0.00758732 0.00506342 0.01257362
 0.01244612 0.00815354 0.01930067 0.00128417 0.0146531  0.01690758
 0.01245481 0.00556994 0.00608668 0.00133378 0.00350677 0.00581115
 0.00329912 0.00359589 0.01672354 0.01017413 0.00573985 0.0035766
 0.0011024  0.00580714 0.01469062 0.00583287 0.00754637 0.00582686
 0.00575834 0.00773902 0.01045986 0.00148797 0.01461389 0.0145649
 0.00543485 0.00329051 0.00594685 0.00575873 0.00518637 0.00622301
 0.00984918 0.01675515 0.01235225 0.01006554 0.00605311 0.00596885
 0.00550148 0.00794308 0.01269305 0.00832856 0.00305609 0.01246891
 0.0012389  0.00615561 0.01476314 0.00329923 0.00591416 0.00143668
 0.01497947 0.00819142 0.01278174 0.00347678 0.01483242 0.016906
 0.00558975 0.01035458 0.02186288 0.00768044 0.00829027 0.00146621
 0.00297215 0.008289   0.00132014 0.01497491 0.00545301 0.00803783
 0.00363492 0.01009494 0.00581703 0.01032074 0.00359693 0.00598024
 0.         0.00577017 0.00827304 0.01255273 0.0123252  0.00355625
 0.01026443 0.         0.00559102 0.00143977 0.00823106 0.01944816
 0.00532543 0.0057511  0.0058591  0.00568123 0.0056599  0.00587895
 0.00352665 0.00803517 0.0195344  0.00129284 0.00601305 0.00332427
 0.00792062 0.01044887]
[0.0036506  0.01040676 0.00144246 0.00598703 0.00611086 0.00375363
 0.00609937 0.0038367  0.01039889 0.00370228 0.01036231 0.00132476
 0.00581995 0.00830793 0.00363662 0.00596423 0.00830631 0.00125519
 0.0034496  0.01239948 0.00358625 0.00601039 0.01040387 0.0033911
 0.00996362 0.00581596 0.01427951 0.00993769 0.00782503 0.01006143
 0.01007971 0.01011035 0.00802478 0.02156423 0.01720552 0.00789061
 0.00820604 0.00561416 0.00799239 0.00815073 0.00583697 0.00815624
 0.01242491 0.0170256  0.00825071 0.00591317 0.00804496 0.01007864
 0.00796419 0.01219977 0.00565407 0.01218715 0.01031638 0.01232974
 0.00807412 0.01012439 0.0078927  0.00349609 0.01236464 0.01006663
 0.01473982 0.01254678 0.0056231  0.00554973 0.01463088 0.00135559
 0.00361916 0.00819767 0.         0.00392996 0.00827457 0.
 0.00996379 0.00376114 0.00370982 0.00582247 0.01028959 0.00584574
 0.00367672 0.01232066 0.00334553 0.00806238 0.01458082 0.
 0.         0.00785038 0.00553751 0.01007152 0.01662912 0.00993196
 0.00995326 0.01427992 0.00556508 0.01222711 0.00132829 0.00738633
 0.01015334 0.01020103 0.00372191 0.00123855 0.01029197 0.00803308
 0.00368411 0.01252848 0.01043037 0.00599712 0.00359359 0.00335284
 0.00580606 0.00593226 0.01043478 0.0168187  0.010321   0.00985695
 0.00793268 0.0164965  0.00349711 0.01229841 0.00589673 0.00967102
 0.00583131 0.00369014 0.00577468 0.00766971 0.00143949 0.00573799
 0.00589959 0.01443269]
[0.01042703 0.00584188 0.00825277 0.01044889 0.00596683 0.00842267
 0.00163547 0.00376554 0.00601343 0.01276174 0.00593751 0.0080055
 0.00380899 0.00370144 0.00610414 0.00808926 0.01020409 0.01047822
 0.00785572 0.01698362 0.         0.00148506 0.0060552  0.00581205
 0.00163556 0.         0.00597782 0.0100678  0.00626666 0.00372501
 0.00581499 0.01469235 0.00792842 0.01726203 0.00580394 0.00569381
 0.00372827 0.00335038 0.00379934 0.00813953 0.00568534 0.00789883
 0.00807406 0.00538119 0.01031746 0.00788481 0.0055821  0.01919918
 0.01247183 0.00313889 0.01442516 0.00787434 0.00353888 0.01498936
 0.0078069  0.0101811  0.00802308 0.01212542 0.00984788 0.01012255
 0.00325125 0.02351986 0.01232991 0.00751087 0.00598429 0.0013653
 0.00364487 0.01030623 0.00807394 0.01275589 0.00393794 0.00586643
 0.00362809 0.0080596  0.00598083 0.0145824  0.00823432 0.00587398
 0.00156834 0.00787957 0.00801855 0.01239841 0.00799579 0.01464835
 0.00377121 0.00816467 0.00379336 0.00343927 0.00592656 0.01245289
 0.00145216 0.00972041 0.00588966 0.0101761  0.00361029 0.02125472
 0.00354983 0.00121909 0.01016795 0.01007607 0.01024715 0.01035791
 0.00567749 0.01232625 0.00997943 0.00794269 0.00777761 0.0166836
 0.01436873 0.00794189 0.0013771  0.00537686 0.00777083 0.01488509
 0.01216059 0.00099835 0.00369816 0.00328225 0.00780356 0.0104074
 0.01007697 0.00336484 0.01211022 0.00792846 0.00788795 0.00565344
 0.01002061 0.00330397]
[0.01490998 0.0037638  0.01466117 0.00121994 0.00125085 0.00615853
 0.00562008 0.01502674 0.01020922 0.01262468 0.00589128 0.00142113
 0.00828753 0.00586505 0.00819809 0.00578521 0.01231748 0.00813946
 0.00744848 0.0079022  0.01023088 0.00560341 0.01457635 0.0120197
 0.00150144 0.00553711 0.00547218 0.01676285 0.00353853 0.01028792
 0.00798112 0.00976223 0.00591386 0.00382763 0.01245102 0.01279553
 0.00621125 0.00392832 0.01036931 0.00566075 0.01055946 0.01054541
 0.00355564 0.01016455 0.00371722 0.00368058 0.00597842 0.01490173
 0.00585229 0.00809711 0.01460726 0.00766314 0.00585098 0.01254623
 0.00768489 0.01683951 0.00538212 0.005791   0.02357047 0.00982016
 0.01711669 0.00794855 0.0073962  0.00984833 0.00772545 0.0060685
 0.01025441 0.0018063  0.01273558 0.00373204 0.00359753 0.0015854
 0.00815432 0.00593976 0.00813033 0.00142556 0.00151719 0.0037312
 0.00580461 0.01054246 0.00572801 0.00135553 0.01032323 0.00377088
 0.00571247 0.0104019  0.00342619 0.00584599 0.00559785 0.0145389
 0.00580214 0.00541653 0.00591761 0.00759437 0.00560936 0.00986255
 0.01042275 0.01057695 0.00583162 0.00375732 0.00588788 0.00599937
 0.0081995  0.00394348 0.00817897 0.00132311 0.00584881 0.01050794
 0.00155099 0.00847441 0.01042271 0.00332375 0.00809564 0.00362313
 0.00128743 0.00381118 0.00586524 0.00804199 0.00817672 0.00573998
 0.01897846 0.00996781 0.00515061 0.01204083 0.00973247 0.01218817
 0.01667276 0.01647374]
[0.00131368 0.01500862 0.00575884 0.00789042 0.00621643 0.00341989
 0.01038316 0.01230773 0.01495122 0.00786545 0.00361758 0.
 0.00560122 0.01038579 0.00591404 0.01234109 0.01259425 0.00109261
 0.01004822 0.01027664 0.00795654 0.00615206 0.01218367 0.00350439
 0.00773467 0.00361626 0.01000867 0.01240677 0.00790529 0.00785778
 0.01440397 0.00551348 0.01270797 0.01014757 0.01507003 0.00330398
 0.0059624  0.01037239 0.00338416 0.01937525 0.00573408 0.01047837
 0.00814122 0.01233089 0.00833499 0.00571976 0.00818559 0.
 0.00348176 0.01941022 0.00568226 0.00360502 0.00589911 0.00328094
 0.01255396 0.00585661 0.00813964 0.00561104 0.00349448 0.00356661
 0.00801323 0.01487557 0.01251114 0.00594259 0.00380936 0.00359027
 0.00594241 0.01023033 0.00162591 0.00604024 0.00816921 0.00800144
 0.00536573 0.00609018 0.00827989 0.00351611 0.01488828 0.00339319
 0.00136541 0.00583105 0.01023203 0.0035568  0.00343108 0.01451707
 0.00334073 0.00808512 0.00579749 0.00127227 0.01431659 0.00553479
 0.00774688 0.0119548  0.00983185 0.01448336 0.00573029 0.
 0.01488642 0.00800554 0.00353428 0.00599196 0.00350254 0.01034656
 0.00614633 0.00348987 0.01258591 0.00339095 0.00801253 0.0145955
 0.00570883 0.0127285  0.00597199 0.01014245 0.00754916 0.00996982
 0.00802918 0.01016362 0.01919141 0.01008616 0.01005587 0.00583629
 0.01234907 0.00583857 0.00801883 0.01226586 0.0034088  0.00557962
 0.00356397 0.00568021]
[0.0037051  0.01057704 0.01495101 0.00820848 0.00596627 0.00591068
 0.         0.00153506 0.00829205 0.01014063 0.00361314 0.01018128
 0.01010324 0.01225091 0.00571155 0.01029008 0.00402014 0.00599352
 0.00142635 0.00151484 0.00597138 0.00828273 0.0059818  0.00399117
 0.00152646 0.01038091 0.00385282 0.01031304 0.01232517 0.01460399
 0.01235899 0.00779225 0.0079392  0.01012777 0.00353153 0.00345057
 0.01448392 0.01669181 0.0054523  0.0169174  0.0079258  0.01228915
 0.00596915 0.00796764 0.00531222 0.01872548 0.0037334  0.00312029
 0.00802118 0.01025316 0.00807448 0.01046695 0.00780044 0.00555638
 0.01243773 0.00330274 0.         0.00785007 0.00378303 0.00352506
 0.01217332 0.01640069 0.0076308  0.01466823 0.00402709 0.00362083
 0.00125863 0.01249638 0.00374623 0.00803785 0.01254571 0.01022924
 0.00588123 0.0148244  0.00820701 0.01203015 0.01028683 0.01021225
 0.00329946 0.01018376 0.00170133 0.00829739 0.00832601 0.01245246
 0.         0.01252293 0.00572072 0.00573527 0.00171963 0.0057887
 0.0035447  0.01242568 0.0057833  0.00579153 0.01463789 0.0079434
 0.01236086 0.00791102 0.         0.00558189 0.00779635 0.01440997
 0.0055515  0.01434072 0.0079212  0.01003234 0.00336754 0.01901539
 0.01237255 0.00999109 0.00122141 0.00572236 0.00573533 0.01027227
 0.00575994 0.00792776 0.0058173  0.01003692 0.00789045 0.00784567
 0.0059866  0.00365011 0.00813646 0.00331359 0.00557133 0.00577591
 0.01455066 0.00350153]
[0.01272037 0.00366217 0.00827242 0.         0.00181038 0.00154615
 0.00351137 0.00830382 0.00591173 0.0084419  0.00382953 0.00151275
 0.         0.00837683 0.01253982 0.00147192 0.0102929  0.00582621
 0.00806942 0.00373111 0.0015805  0.00348464 0.00576559 0.00563825
 0.00576071 0.00798637 0.00576582 0.00826222 0.00386278 0.00824897
 0.00797343 0.00591616 0.00604119 0.0084124  0.00163974 0.01030067
 0.00576719 0.01042874 0.00809449 0.01249948 0.00597091 0.00138217
 0.00386808 0.01284047 0.01468318 0.00594038 0.01249549 0.00589407
 0.00578497 0.00790265 0.00806746 0.0056647  0.00805753 0.01920881
 0.01668563 0.0187814  0.01262803 0.01257296 0.01031436 0.00562038
 0.0056578  0.00105484 0.00994206 0.00558553 0.00581929 0.01031981
 0.00817338 0.01012303 0.00376681 0.00376507 0.01251749 0.0057789
 0.00366802 0.00565095 0.0035606  0.01480359 0.00139359 0.00598466
 0.01229584 0.00594287 0.00586821 0.01228425 0.00347254 0.00547633
 0.01017909 0.0122818  0.0034185  0.00995063 0.00369331 0.0055444
 0.01035992 0.00539918 0.01002209 0.00763077 0.00563977 0.00778406
 0.01018796 0.00796911 0.00381981 0.00139887 0.01235964 0.00583352
 0.00132195 0.00604109 0.01693789 0.01257778 0.00825849 0.00353826
 0.01884254 0.00804267 0.00803123 0.00151129 0.00364086 0.00985738
 0.00798007 0.02093035 0.00756047 0.0074679  0.01007067 0.01405475
 0.00559206 0.01428861 0.00780546 0.01861728 0.01877359 0.01446771
 0.00768286 0.01210515]
[0.01486176 0.00775472 0.00361796 0.00363025 0.01028204 0.01669404
 0.00341664 0.0169115  0.01025176 0.00812252 0.00144551 0.00817689
 0.00585256 0.00784588 0.00828238 0.01026995 0.01233147 0.01046267
 0.01046803 0.01261382 0.0036597  0.01043709 0.0036671  0.00361291
 0.01011583 0.00548528 0.00339038 0.0101979  0.00366644 0.00578934
 0.0125953  0.00559623 0.00523947 0.01675497 0.00792117 0.0102011
 0.00550307 0.01217034 0.00808526 0.00774597 0.01470712 0.01409776
 0.01011788 0.0145309  0.00570586 0.01005139 0.00569678 0.00758715
 0.00355819 0.01220044 0.00586934 0.00306596 0.0100586  0.02109301
 0.00352316 0.01008609 0.00337579 0.01430965 0.00817455 0.01009089
 0.01002755 0.00754207 0.00569047 0.01222497 0.00127348 0.0129599
 0.01072557 0.0037237  0.00360397 0.01482846 0.00612777 0.01040214
 0.00158789 0.00577887 0.00606951 0.00838816 0.00391376 0.00810559
 0.00155085 0.00119633 0.00817288 0.00118232 0.00133001 0.00588811
 0.00398274 0.00131542 0.00380624 0.00367369 0.01250429 0.01508198
 0.0083174  0.01028712 0.00593307 0.01058815 0.01027343 0.01502407
 0.00841937 0.00551588 0.00595972 0.00139055 0.01050809 0.00332534
 0.00581838 0.00569899 0.00120253 0.01254447 0.0037174  0.00577073
 0.0058107  0.00807003 0.0058875  0.01491852 0.00377448 0.00556283
 0.00377197 0.01506866 0.0033468  0.01027109 0.00612858 0.00561039
 0.00582231 0.01684833 0.00146005 0.00771552 0.01263081 0.00552129
 0.00346433 0.01233469]
[0.0037153  0.01006812 0.00354045 0.0083087  0.00590023 0.00829696
 0.00585609 0.00100093 0.0060637  0.00381569 0.0080443  0.01255392
 0.00601872 0.00165125 0.00346487 0.00580951 0.00352874 0.00976981
 0.01432562 0.00557702 0.00346754 0.01442661 0.01419568 0.01001319
 0.00575262 0.01485876 0.00581678 0.00770238 0.01224921 0.00313216
 0.0058874  0.01040136 0.01212572 0.00819094 0.00824214 0.00318324
 0.01494922 0.0034405  0.0079218  0.01510458 0.00599037 0.00565179
 0.00382836 0.00780178 0.00803173 0.00151633 0.00608477 0.01487678
 0.01695887 0.00294744 0.01217011 0.01217558 0.00979958 0.02137273
 0.01209587 0.01420315 0.00338004 0.00992698 0.00124073 0.01034016
 0.01042846 0.00796482 0.00382607 0.00316909 0.00358674 0.01497361
 0.00820455 0.00556427 0.00620595 0.00121335 0.01025994 0.01298261
 0.0038894  0.00128946 0.01254503 0.00589786 0.00358571 0.00634936
 0.01274289 0.0014052  0.00373078 0.01477577 0.01004592 0.00123577
 0.0060002  0.00324494 0.01219186 0.00580971 0.00349173 0.00097829
 0.00578727 0.00387406 0.01487452 0.01053552 0.00129332 0.00140896
 0.0173966  0.01018293 0.00352731 0.0128991  0.00328035 0.0061536
 0.00837655 0.00330133 0.00568534 0.02181379 0.00377387 0.01026127
 0.01296813 0.00568228 0.00372343 0.00806869 0.00557109 0.00791463
 0.00560472 0.01244656 0.00594069 0.01010329 0.01024779 0.00778541
 0.0104897  0.01680763 0.01512737 0.00542772 0.00333839 0.00780748
 0.00361472 0.01055041]
[0.00152733 0.0170443  0.0060751  0.00589172 0.00628482 0.01008602
 0.01014311 0.00581653 0.00601378 0.00573672 0.00808325 0.00594572
 0.00145073 0.00377441 0.01029007 0.00814687 0.00161745 0.01033021
 0.00375804 0.00772115 0.00361807 0.01468396 0.00584652 0.00807612
 0.00615762 0.0012799  0.00355973 0.01684008 0.0039743  0.0012953
 0.00367984 0.00574538 0.01038702 0.01239796 0.00578487 0.00817058
 0.00134799 0.01502981 0.01037145 0.00807664 0.01255451 0.01039038
 0.01257971 0.00357751 0.01076227 0.00348285 0.00570632 0.00814176
 0.00827993 0.00352167 0.00803059 0.00806423 0.01271302 0.00760508
 0.012338   0.00127212 0.00356387 0.00826896 0.01028353 0.01018731
 0.00124272 0.01481911 0.01030803 0.00814178 0.0015066  0.00349939
 0.00148746 0.00142475 0.00144694 0.01467678 0.         0.00356717
 0.01249021 0.00592672 0.01010281 0.00587328 0.0125293  0.01013131
 0.01214764 0.00778075 0.0036291  0.00567105 0.01022673 0.00789537
 0.00784005 0.00986184 0.00372172 0.00570052 0.01219541 0.01033918
 0.01002818 0.0098338  0.01232267 0.00113432 0.00145465 0.
 0.01019871 0.01249813 0.00777199 0.0168081  0.         0.00340244
 0.01435553 0.00990013 0.01225805 0.00571081 0.01676271 0.01222701
 0.00796403 0.00587721 0.00992712 0.01683188 0.00561318 0.00808707
 0.00799475 0.0077508  0.01441194 0.01643515 0.00997735 0.01239627
 0.01248491 0.00346258 0.00551455 0.0079149  0.0077531  0.01660188
 0.00353752 0.00322874]
[0.00591238 0.01050994 0.00822443 0.01234559 0.00612435 0.00362792
 0.00571044 0.01912722 0.01020349 0.01041662 0.01026952 0.00568357
 0.00808853 0.00592547 0.00781974 0.01031106 0.00378668 0.0147279
 0.00160151 0.00764556 0.00161158 0.01254912 0.00357009 0.02146918
 0.0105905  0.00362916 0.00748545 0.01000232 0.00341393 0.00594543
 0.02788256 0.01867908 0.01042737 0.00573058 0.00335343 0.00782887
 0.00567567 0.00598335 0.0124965  0.0122666  0.00771751 0.01452918
 0.01455922 0.01223033 0.         0.01220605 0.00332208 0.01002028
 0.00571126 0.01002302 0.00817506 0.01475585 0.01033737 0.01025379
 0.00150518 0.00092091 0.00566945 0.0102344  0.00558091 0.01206608
 0.01025805 0.01009787 0.00766072 0.01440172 0.00596192 0.00591992
 0.0016601  0.00371873 0.00825735 0.00395512 0.0037855  0.00593896
 0.00811497 0.00823544 0.00144292 0.0083361  0.00577961 0.00378171
 0.00615215 0.00140681 0.00815409 0.01481843 0.00594307 0.00808765
 0.0015566  0.00136211 0.0083697  0.00341272 0.00135555 0.00587286
 0.00369731 0.01443154 0.01055205 0.01039506 0.00319549 0.01669824
 0.00332503 0.01263548 0.00576511 0.00783816 0.01239902 0.0034999
 0.01218704 0.01232837 0.01000663 0.00344682 0.00783686 0.00579445
 0.0143882  0.0080989  0.0079543  0.00366236 0.         0.01219902
 0.00794841 0.01207979 0.01019182 0.00352266 0.00349618 0.01030761
 0.00387545 0.00143041 0.00809951 0.01010517 0.00351539 0.00598894
 0.00150651 0.00332778]
[0.00805836 0.01261742 0.00583104 0.01043606 0.00594391 0.01030348
 0.01016893 0.01256386 0.00339023 0.01044488 0.00375808 0.00799068
 0.00604162 0.00374634 0.00586138 0.0081079  0.00776547 0.01242305
 0.01262857 0.00803288 0.00357669 0.01492712 0.00997285 0.01481685
 0.01268057 0.00356573 0.00132214 0.00330677 0.00592668 0.00589687
 0.0101719  0.00333404 0.00975136 0.00551215 0.00562893 0.01007478
 0.00350367 0.01683954 0.00567165 0.00967419 0.01885394 0.01441857
 0.00798968 0.00991322 0.00578742 0.00767321 0.00133175 0.0144897
 0.01463386 0.00786015 0.00567908 0.01248477 0.01216654 0.00771556
 0.01243365 0.00505831 0.0078181  0.00327647 0.00146361 0.01026105
 0.0120673  0.01001239 0.00518381 0.01466358 0.0082178  0.00373414
 0.0060388  0.00140201 0.00383287 0.00621482 0.00818196 0.00143194
 0.00830341 0.00371991 0.0059853  0.01056951 0.00616552 0.00170155
 0.         0.00387861 0.0057839  0.01503565 0.00813814 0.00554258
 0.00177715 0.00367084 0.00574444 0.00579889 0.008154   0.005727
 0.005738   0.02194127 0.         0.00390077 0.01242596 0.0082188
 0.01026358 0.00345165 0.00807885 0.00809505 0.00140466 0.01020204
 0.01033814 0.01236207 0.00984898 0.0147548  0.0057464  0.01014907
 0.00596632 0.0080059  0.00359955 0.0100751  0.00352882 0.01016207
 0.00380538 0.00351191 0.00799356 0.00562933 0.00306381 0.01489023
 0.00124817 0.01490733 0.0038869  0.00557914 0.01225171 0.01249609
 0.01471615 0.00750735]
